4294967278,389
4294967279,451
4294967279,450
4294967278,388
4294967278,387
4294967278,386
4294967278,385
4294967278,384
4294967278,383
4294967278,382
4294967279,449
4294967279,448
4294967278,381
4294967279,290
4294967278,380
4294967278,379
4294967279,447
4294967279,446
4294967278,378
4294967278,377
4294967278,376
4294967279,445
4294967278,375
38,6
38,5
38,4
38,3
38,1
38,0
4294967294,220
4294967278,374
4294967279,444
4294967279,443
4294967278,373
4294967278,372
4294967278,371
4294967278,370
37,6
37,5
37,4
37,3
37,1
37,0
36,6
36,5
36,4
36,3
36,1
36,0
4294967294,219
4294967278,369
4294967294,218
4294967278,368
4294967278,367
35,6
35,5
35,4
35,3
35,1
35,0
4294967294,217
4294967294,216
4294967278,366
4294967278,365
4294967279,442
34,6
34,5
34,4
34,3
34,1
34,0
4294967294,215
4294967278,364
4294967294,214
4294967278,363
4294967278,362
33,6
33,5
33,4
33,3
33,1
33,0
4294967294,213
4294967294,212
4294967279,441
4294967279,440
4294967279,439
4294967278,361
4294967279,438
4294967278,360
32,6
32,5
0,57
32,4
32,3
32,1
32,0
4294967294,211
4294967294,210
4294967279,437
4294967278,359
4294967278,358
4294967278,357
4294967279,434
4294967278,356
4294967278,355
4294967279,433
4294967278,354
31,5
31,4
31,3
31,1
31,0
4294967279,436
4294967293,131
4294967293,130
4294967293,129
4294967293,128
4294967293,127
4294967293,126
4294967293,125
4294967293,124
4294967293,123
4294967293,122
4294967293,121
4294967293,120
4294967293,119
4294967293,118
4294967293,117
4294967293,116
4294967293,115
4294967293,114
4294967293,113
4294967293,112
4294967293,111
4294967293,110
4294967293,109
4294967293,108
4294967293,107
4294967293,106
4294967293,105
4294967293,104
4294967293,103
4294967293,102
4294967293,101
4294967293,100
4294967293,99
4294967293,98
4294967293,97
4294967293,96
4294967293,95
4294967293,94
4294967293,93
4294967293,92
4294967293,91
4294967293,90
4294967293,89
4294967293,88
4294967293,87
4294967293,86
4294967293,85
4294967293,84
4294967293,83
4294967293,82
4294967293,81
4294967293,80
4294967293,79
4294967293,78
4294967293,77
4294967293,76
4294967293,75
4294967293,74
4294967293,73
4294967293,72
4294967293,71
4294967293,70
4294967293,69
4294967293,68
4294967293,67
4294967293,66
4294967293,65
4294967293,64
4294967293,63
4294967293,62
4294967293,61
4294967293,60
4294967293,59
4294967293,58
4294967293,57
4294967293,56
4294967293,55
4294967293,54
4294967293,53
4294967293,52
4294967293,51
4294967293,50
4294967293,49
4294967293,48
4294967293,47
4294967293,46
4294967293,45
4294967293,44
4294967293,43
4294967293,42
4294967293,41
4294967293,40
4294967293,39
4294967293,38
4294967293,37
4294967293,36
4294967293,35
4294967293,34
4294967293,33
4294967293,32
4294967293,31
4294967293,30
4294967293,29
4294967293,28
4294967293,27
4294967293,26
4294967293,25
4294967293,24
4294967293,23
4294967293,22
4294967293,21
4294967293,20
4294967293,19
4294967293,18
4294967293,17
4294967293,16
4294967293,15
4294967293,14
4294967293,13
4294967293,12
4294967293,11
4294967293,10
4294967293,9
4294967293,8
4294967293,7
4294967293,6
4294967293,5
4294967293,4
4294967293,3
4294967293,2
4294967293,0
4294967278,53
4294967278,182
4294967278,52
4294967278,298
4294967278,181
4294967278,51
4294967278,345
4294967278,180
4294967278,50
4294967278,297
4294967278,179
4294967278,49
4294967278,296
4294967278,178
4294967278,48
4294967278,177
4294967278,47
4294967278,344
4294967278,176
4294967278,46
4294967278,295
4294967278,175
4294967278,45
4294967278,343
4294967278,173
4294967278,44
4294967278,172
4294967278,43
4294967278,294
4294967278,171
4294967278,42
4294967278,342
4294967278,170
4294967278,41
4294967278,293
4294967278,169
4294967278,40
4294967278,341
4294967278,168
4294967278,39
4294967278,167
4294967278,38
4294967278,292
4294967278,166
4294967278,37
4294967278,165
4294967278,36
4294967278,291
4294967278,164
4294967278,35
4294967278,290
4294967278,163
4294967278,34
4294967278,289
4294967278,162
4294967278,33
4294967278,287
4294967278,161
4294967278,32
4294967278,288
4294967278,160
4294967278,31
4294967278,159
4294967278,30
4294967278,286
4294967278,158
4294967278,29
4294967278,285
